races  avg all time  growth %  avg last ten  growth %  avg Accuracy  growth %
100    49.26         0         48            0         94.88         0
150    49.16         -0.203    48            0         94.73         -0.2
200    48.499        -1.345    49            2.1       93            -1.8
250    48.699        0.412     49            0         93            0
300    48.827        0.263     50            2         93            0
350    48.957        0.266     50            0         93            0
400    49.523        1.156     57            14        94            1.1
450    49.601        0.158     51            -10.5     94            0
500    49.684        0.167     51            0         94.1          0.1
550    49.741        0.115     47            -7.8      94.2          0.1
590    49.96         0.44      54            14.9      95.6          1.5
600    50.045        0.17      55            1.9       95.47         -0.1
610    50.076        0.062     52            -5.5      95.03         -0.5
620    50.142        0.132     54            3.8       95.41         0.4
630    50.198        0.112     54            0         95.21         -0.2
640    50.232        0.068     52            -3.7      95.12         -0.1
650    50.22         -0.024    49            -5.8      95.02         -0.1
660    50.258        0.076     53            8.2       95.08         0.1
670    50.331        0.145     55            3.8       96.29         1.3
680    50.402        0.141     55            0         95.23         -1.1
690    50.42         0.036     52            -5.5      94.95         -0.3
700    50.479        0.117     55            5.8       95.78         0.9
710    50.494        0.03      52            -5.5      95.17         -0.6
720    50.526        0.063     53            1.9       95.07         -0.1
730    50.58         0.107     54            1.9       95.64         0.6
740    50.65         0.138     55            1.9       94.97         -0.7
